05 06 16 22 24 28
02 17 24 27 32 33
03 06 08 18 27 28
02 17 23 26 29 33
05 11 13 14 18 26
03 05 22 28 32 33
06 07 09 13 29 31
02 03 12 13 15 26
01 05 10 12 22 32
06 07 10 21 27 30
01 03 04 12 21 24
10 23 24 26 29 30
10 18 19 21 22 30
01 06 16 21 28 32
04 09 13 20 27 28
14 17 18 21 29 33
01 06 20 24 25 28
01 06 12 18 23 25
02 03 15 19 20 31
04 05 17 26 27 32
13 14 16 17 20 30
01 02 04 05 19 30
01 10 16 18 25 31
10 13 14 18 21 29
02 05 08 12 26 32
07 11 15 18 22 23
06 09 21 23 30 33
03 05 21 25 30 32
04 10 11 17 23 25
01 10 20 22 26 30
01 11 18 21 23 29
08 13 18 20 22 33
07 08 12 21 22 29
01 02 19 27 28 29
05 06 12 13 14 27
05 15 18 27 28 31
02 04 05 11 14 31
03 06 17 18 21 31
18 19 22 23 31 33
06 17 25 26 28 30
03 04 07 09 22 29
16 23 26 27 28 31
02 07 13 15 17 33
15 20 21 24 26 28
08 16 24 28 31 33
06 15 19 28 29 30
03 07 08 09 14 30
02 03 07 11 26 30
08 12 14 16 19 24
11 18 23 31 32 33
03 07 11 12 16 26
01 10 14 16 22 26
03 07 14 15 21 30
02 10 11 17 29 32
04 05 10 28 31 33
09 13 16 19 27 30
04 06 20 22 30 32
08 14 15 21 25 27
08 14 25 28 30 33
01 02 09 11 13 33
02 06 12 15 16 24
01 05 08 21 26 31
05 06 16 18 20 28
04 15 18 23 27 28
07 08 28 30 32 33
01 09 16 24 31 32
07 18 21 25 26 28
02 03 04 15 25 31
02 09 10 22 26 31
05 14 17 24 25 29
03 12 13 14 31 32
03 17 28 30 32 33
03 04 05 09 12 22
02 19 20 23 30 33
04 11 25 29 31 33
08 10 14 29 31 33
07 13 16 23 27 31
03 12 17 21 24 27
05 15 17 19 30 31
11 16 17 18 20 21
04 05 07 22 30 32
03 08 17 22 30 33
03 09 20 22 27 28
10 12 13 19 24 28
05 07 11 14 24 30
02 05 13 14 31 32
03 06 14 21 30 32
08 12 25 26 28 32
05 08 09 16 25 31
21 22 24 26 28 31
04 09 11 16 26 33
03 09 13 15 26 29
03 04 12 16 26 27
01 09 10 16 19 23
06 09 11 13 15 18
06 09 14 18 22 30
07 09 16 26 29 31
01 07 09 16 21 26
08 12 13 14 27 28
03 04 06 11 12 23
12 13 15 20 22 32
02 08 10 14 16 21
03 05 06 16 23 29
02 10 13 14 19 22
05 07 12 24 26 30
02 19 22 24 26 33
03 07 12 22 29 31
05 07 09 20 28 33
07 11 12 20 21 24
03 14 15 16 19 32
08 14 16 18 26 28
07 10 16 18 26 31
01 10 12 14 16 20
02 09 14 19 21 26
02 06 14 17 18 21
04 06 10 17 24 30
01 09 12 25 29 31
01 06 08 12 14 30
05 14 17 20 25 28
04 08 09 19 23 31
03 07 15 16 21 32
03 12 20 25 29 33
02 09 12 14 22 28
03 04 21 30 31 33
04 11 20 21 23 27
01 09 13 17 27 32
03 12 14 15 21 30
10 21 23 27 31 32
02 09 11 12 27 28
09 12 14 18 20 23
01 04 19 21 22 30
08 10 14 15 22 28
03 07 08 16 19 23
02 04 06 08 16 19
06 09 14 17 19 22
03 12 16 26 28 30
02 03 04 22 27 30
02 04 07 11 21 33
01 08 12 17 23 32
06 14 17 26 27 29
02 19 22 23 25 33
01 03 04 17 24 32
04 11 27 29 31 32
03 07 08 13 16 30
01 02 12 20 25 29
07 10 16 18 20 28
02 06 07 14 21 28
02 03 04 09 11 20
03 14 15 19 22 24
02 04 06 08 19 20
04 07 11 16 26 33
08 16 19 21 23 27
11 15 18 23 31 33
08 11 14 15 16 30
03 04 10 13 17 26
02 03 06 08 17 33
04 05 09 10 17 31
02 13 15 19 23 31
01 05 11 14 21 30
04 06 14 29 30 33
02 04 14 17 22 30
06 07 09 17 21 30
02 07 08 12 15 24
10 17 21 24 25 29
07 10 12 21 30 31
01 03 10 17 18 27
05 06 12 23 26 32
08 09 13 24 25 27
13 21 25 29 31 33
03 08 11 27 30 31
04 14 15 17 20 28
02 08 15 22 29 32
07 08 11 13 16 31
08 10 12 16 20 26
06 17 18 28 31 33
06 11 12 18 28 32
05 08 11 20 29 32
01 08 12 21 25 29
04 08 10 21 27 30
08 09 15 21 26 33
03 14 16 17 24 26
01 06 16 17 26 33
06 09 23 24 28 30
02 03 07 09 13 14
04 06 21 22 31 32
03 12 14 16 17 29
03 05 09 20 27 32
06 07 11 14 26 28
01 04 16 17 21 30
01 05 14 17 23 33
09 12 19 22 31 32
01 02 08 21 23 29
09 10 13 15 21 32
03 08 09 10 20 26
07 13 14 20 32 33
01 04 12 21 22 23
02 03 10 17 22 31
08 10 12 17 30 33
09 10 17 21 27 29
04 05 09 11 13 19
07 11 25 27 29 33
01 04 07 23 24 28
01 08 12 18 23 24
02 07 11 20 23 33
02 03 12 13 17 20
10 16 17 18 19 32
05 07 16 25 27 28
15 18 20 22 23 26
03 04 08 12 16 20
08 09 17 19 26 28
04 09 13 22 29 30
01 02 05 09 16 23
03 07 18 20 21 33
01 07 22 25 26 28
02 04 06 21 22 32
04 07 14 18 21 29
01 08 11 28 29 31
09 14 17 18 23 29
03 04 08 13 16 27
03 09 11 15 27 32
05 10 11 27 28 30
07 10 19 28 29 33
13 15 17 18 28 33
02 08 18 21 24 30
08 09 15 26 30 31
05 10 11 14 16 17
05 06 17 22 27 29
10 11 12 13 15 27
03 04 10 16 21 33
05 08 10 17 22 33
02 04 15 23 24 33
02 03 06 09 12 29
03 09 11 12 14 24
02 11 14 16 26 27
09 14 16 26 30 31
01 04 06 10 27 33
12 16 17 21 28 30
07 20 26 27 31 33
04 10 12 14 20 22
05 06 21 22 28 31
09 15 20 23 27 28
02 10 11 13 23 30
01 13 19 22 24 27
03 08 10 15 18 25
05 10 19 24 26 31
01 06 10 13 30 32
08 26 27 29 32 33
05 20 23 25 28 32
02 08 13 17 23 32
03 07 22 27 28 32
13 19 22 25 30 31
02 04 14 25 31 33
01 04 10 18 24 31
09 14 16 21 26 30
06 07 08 10 19 24
10 24 25 27 29 32
11 12 13 22 23 33
11 13 15 17 25 28
10 18 20 21 22 29
09 11 18 22 29 31
02 07 14 17 20 22
03 05 17 19 24 25
09 10 13 19 21 26
02 05 11 20 22 31
05 09 15 23 27 31
02 04 10 15 24 30
04 10 25 26 29 30
08 13 14 15 19 32
09 10 22 26 28 33
01 07 13 14 15 21
01 02 03 09 16 28
05 08 15 19 25 33
01 13 19 21 23 29
03 05 12 25 31 33
03 08 21 27 28 29
02 04 15 21 23 24
01 13 16 21 31 32
03 04 25 27 28 30
08 11 16 23 24 25
03 09 11 23 26 32
10 19 22 26 30 31
10 11 18 21 24 33
07 09 11 12 26 33
01 13 18 23 28 32
13 19 23 24 30 31
11 15 18 20 22 23
02 05 16 17 21 32
11 12 20 21 27 32
01 08 09 11 27 33
03 11 26 27 31 33
03 07 15 16 20 21
04 09 10 21 25 27
02 03 04 09 15 25
02 05 07 09 30 31
09 13 17 19 20 22
02 16 18 20 21 32
02 03 06 19 21 26
01 12 13 15 21 29
07 12 24 26 27 31
01 03 10 15 24 25
05 07 11 19 27 31
14 16 18 27 32 33
03 14 17 19 23 28
15 17 19 24 27 29
02 03 16 20 25 30
03 12 21 26 32 33
02 03 04 05 11 28
04 14 15 22 23 26
01 05 08 11 21 24
07 14 21 25 26 29
03 07 23 26 29 31
14 19 21 22 25 30
01 03 10 11 25 29
03 06 08 14 19 23
08 10 11 26 28 31
02 07 09 11 18 22
01 02 08 17 20 29
01 03 14 16 20 29
05 08 09 10 17 27
02 07 12 19 21 22
10 11 16 20 29 32
05 09 10 14 21 32
12 14 18 19 20 30
01 02 08 18 26 30
01 13 16 19 22 27
01 02 05 22 27 31
06 14 23 27 31 32
03 04 05 13 19 25
02 07 14 24 27 31
03 04 11 14 16 17
08 14 16 18 19 24
05 07 08 09 11 25
08 12 16 20 24 33
04 06 09 18 25 30
06 08 12 15 29 31
04 05 07 17 23 29
11 13 18 20 24 26
01 06 14 27 30 31
03 06 19 21 26 31
01 02 06 24 29 33
04 12 14 16 18 25
12 19 21 24 26 27
06 11 12 22 24 32
03 12 17 20 21 23
04 07 09 10 19 26
03 06 07 08 16 17
07 08 13 18 30 32
04 08 11 12 19 30
05 09 16 18 30 33
01 03 07 16 20 28
01 10 16 19 29 30
07 14 19 25 26 31
08 10 14 17 26 30
01 03 12 18 31 33
02 06 09 21 25 26
11 17 24 28 29 31
04 18 20 25 29 33
04 10 12 20 21 32
02 03 11 14 18 33
02 05 07 20 26 33
05 10 12 21 23 27
01 12 13 28 29 30
06 09 11 22 23 30
03 13 15 27 30 31
04 17 22 23 27 29
05 11 17 18 20 21
05 06 08 09 19 24
01 02 03 20 22 27
04 08 15 16 21 24
07 10 13 18 24 28
07 15 16 31 32 33
10 12 13 22 27 30
01 07 09 10 20 28
02 13 17 25 28 29
10 18 19 28 30 31
05 09 14 15 16 30
06 07 16 17 25 32
04 10 11 12 18 19
03 06 11 13 22 32
01 17 21 25 27 33
01 06 07 22 25 33
01 04 06 09 32 33
01 08 12 13 22 32
04 07 08 22 26 28
02 04 09 12 19 21
05 10 12 15 17 21
04 12 14 25 26 33
04 05 06 09 16 21
06 08 18 21 25 27
05 07 09 11 18 21
07 12 17 19 27 33
04 07 12 17 20 31
04 12 16 19 27 30
03 13 18 24 28 31
05 07 08 12 24 26
05 11 15 23 24 30
02 08 16 18 20 23
03 07 20 25 26 32
07 08 13 18 26 32
05 08 14 21 23 31
05 10 14 16 20 28
08 12 13 16 18 24
01 04 10 14 25 28
11 15 19 23 26 31
08 15 17 26 29 31
04 07 12 25 29 30
08 09 19 20 23 30
10 15 20 24 25 32
04 08 14 23 28 29
01 12 18 19 22 25
05 12 17 19 26 28
03 04 07 08 16 17
01 05 06 15 27 31
10 20 24 26 29 32
06 16 18 20 23 26
10 13 17 27 29 31
04 20 21 25 31 33
02 05 08 17 19 24
01 02 04 07 10 23
02 03 12 13 22 29
07 08 10 13 19 23
04 12 13 14 15 24
10 14 16 17 19 29
13 14 16 17 19 29
07 09 17 18 20 27
02 03 04 23 26 29
05 07 15 21 22 28
03 05 13 21 26 31
10 16 17 19 25 31
06 07 13 18 23 25
07 10 19 30 31 33
10 12 15 23 25 29
06 09 12 17 21 24
01 17 18 21 28 32
01 05 10 14 26 28
04 05 09 16 24 28
07 08 19 20 25 27
02 11 15 23 24 30
01 04 08 15 30 31
03 15 19 25 28 29
04 07 11 15 20 25
06 18 22 23 30 31
11 16 18 21 22 31
02 09 16 21 22 28
05 10 14 16 18 24
01 06 23 29 30 33
03 09 16 17 28 29
01 07 18 19 21 22
03 08 09 13 21 30
02 12 14 21 23 31
03 07 19 25 29 33
08 10 23 31 32 33
05 08 10 13 19 28
01 06 09 10 18 24
04 09 11 13 14 18
04 06 07 12 17 32
01 06 08 12 17 33
04 05 07 15 18 26
02 19 22 24 27 28
02 03 05 15 22 28
12 18 30 24 01 08
06 09 15 23 27 31
09 12 19 30 31 33
03 16 19 22 24 33
01 03 10 19 27 30
01 05 13 18 26 30
05 09 22 24 26 33
03 04 11 15 23 31
05 09 19 28 30 31
01 06 17 18 20 29
01 02 18 25 31 32
04 11 12 17 24 32
02 08 11 13 22 30
01 10 11 20 29 30
10 20 24 27 28 33
02 08 14 17 22 24
01 13 15 29 30 32
01 02 03 11 15 16
03 04 05 07 14 26
14 15 17 20 27 30
04 10 17 20 26 29
04 09 14 17 19 24
05 07 12 21 24 27
06 07 14 19 26 28
08 09 13 20 28 33
08 20 21 22 23 25
05 10 15 19 23 27
04 05 22 25 27 32
03 04 10 15 22 29
03 09 14 20 24 26
01 08 12 28 29 30
05 07 15 21 26 33
04 16 18 25 28 33
02 10 23 24 30 32
02 10 18 19 28 30
01 05 06 14 21 22
04 14 21 24 25 29
03 06 13 17 23 28
02 03 08 09 11 15
04 12 18 22 29 31
01 02 08 22 25 30
03 11 12 19 23 27
04 06 11 19 20 31
03 05 06 08 19 20
05 09 13 28 29 32
03 04 08 14 19 26
04 12 20 21 23 27
09 15 17 18 19 21
02 05 08 11 13 32
06 09 10 13 20 31
15 21 22 23 26 28
05 07 08 11 25 28
06 07 19 25 29 30
16 17 25 28 29 33
03 06 21 24 25 30
01 09 10 11 13 31
02 07 10 15 27 29
05 09 15 24 27 28
03 20 21 22 27 28
06 10 11 20 25 31
13 16 17 20 25 27
01 04 05 07 20 29
04 05 13 15 17 24
05 06 09 24 26 33
06 10 18 20 28 31
05 06 18 23 29 32
11 15 17 27 32 33
05 08 12 16 29 33
04 08 10 22 24 29
04 05 18 25 27 29
04 07 08 15 24 29
11 12 23 24 28 29
04 08 24 27 28 33
05 07 14 19 24 32
04 08 11 14 15 26
03 06 10 23 28 30
04 15 16 20 25 27
01 04 06 16 24 29
07 13 19 25 26 32
04 15 22 25 27 28
07 13 18 23 26 29
01 02 10 22 23 31
04 09 10 22 27 29
02 04 11 16 20 24
14 19 20 25 31 33
04 22 23 25 30 32
01 08 11 15 21 23
01 02 19 20 28 29
03 05 10 21 32 33
05 09 15 24 27 31
01 07 23 24 31 32
10 11 14 16 17 27
10 13 16 21 25 26
09 14 18 25 28 30
08 16 19 23 29 31
04 08 22 24 27 32
06 07 10 12 18 22
03 20 24 29 32 33
01 02 05 08 20 22
01 06 09 11 12 28
05 06 09 15 16 18
02 03 10 16 26 31
17 19 24 28 29 31
03 05 10 14 22 26
02 03 06 09 20 28
09 16 24 27 28 29
04 16 26 27 28 29
02 10 14 15 18 19
02 03 12 22 23 24
11 13 16 21 23 26
13 14 16 24 28 32
11 14 21 23 25 33
01 04 08 12 19 24
02 06 18 20 21 29
05 11 19 21 23 29
05 08 10 16 19 22
01 07 13 14 28 33
03 04 08 22 27 31
10 12 16 17 24 30
02 10 21 27 29 31
08 13 17 23 31 32
04 07 10 11 20 22
09 10 15 17 20 21
10 12 21 27 30 31
07 10 16 24 28 32
04 08 11 13 26 28
01 04 23 25 28 29
07 14 15 19 23 28
06 11 19 20 22 32
10 17 25 28 32 33
01 18 25 27 28 32
02 03 22 24 25 33
04 10 19 23 24 32
03 10 12 14 26 32
03 11 12 17 21 28
06 07 09 15 24 29
05 16 17 18 22 23
04 06 09 25 30 32
09 12 18 22 26 32
01 03 21 26 27 31
01 06 18 21 27 28
21 22 24 25 26 30
06 12 16 22 25 26
05 08 11 23 24 32
02 03 11 22 24 30
01 06 23 26 29 32
11 13 17 18 25 29
08 12 14 15 27 33
02 09 17 22 25 30
01 09 12 13 21 25
19 20 21 29 30 32
14 18 20 23 26 27
03 07 18 23 25 31
01 05 09 17 27 31
02 05 10 15 25 29
06 07 10 16 28 29
02 09 12 19 21 27
04 06 16 19 25 29
06 09 12 24 31 32
02 13 18 19 21 32
09 10 15 16 26 30
06 15 17 18 24 33
06 08 11 12 30 32
07 09 12 16 21 27
01 03 26 28 29 33
03 11 16 17 20 21
14 16 18 22 25 28
02 06 15 24 25 26
07 09 10 24 27 29
03 05 13 20 27 30
01 09 15 24 25 28
06 09 10 25 26 30
05 18 19 25 26 29
03 04 11 12 26 31
02 07 15 17 29 31
04 10 11 16 25 33
01 06 09 13 19 20
03 12 14 17 22 26
04 06 19 23 26 27
05 10 12 16 25 33
01 12 13 15 17 23
10 19 24 26 27 32
06 11 13 15 23 25
03 06 11 20 27 28
04 10 18 19 29 33
02 10 11 17 22 25
01 07 08 09 10 15
05 08 09 15 21 22
01 08 19 20 26 28
12 13 21 25 26 30
04 08 10 17 19 21
05 07 09 13 16 26
04 07 08 10 21 25
03 15 22 24 26 28
04 05 17 20 24 32
17 19 22 28 30 31
01 05 06 12 18 24
05 14 20 24 26 31
02 04 15 18 24 30
12 17 21 25 26 27
01 02 07 17 25 29
01 03 04 05 26 27
01 09 24 28 30 31
10 13 21 22 31 33
02 03 05 14 19 22
03 09 10 11 16 28
10 11 14 16 25 31
06 08 09 12 19 31
02 03 26 27 28 33
01 04 12 17 25 30
01 05 14 16 22 33
02 05 06 23 28 31
03 04 05 12 30 33
03 14 21 27 29 32
08 10 18 24 28 30
10 18 28 29 32 33
02 08 16 22 26 32
05 10 18 20 26 32
11 12 13 20 31 32
02 04 15 19 28 29
13 20 25 27 28 29
13 16 17 19 24 30
03 13 17 29 30 33
12 17 18 19 21 27
01 05 06 12 27 28
03 11 14 18 24 25
02 04 06 18 26 28
11 15 16 20 21 28
02 14 21 24 28 33
09 11 19 22 28 33
11 12 17 19 21 25
05 12 16 22 25 29
03 06 13 15 17 26
03 24 26 30 31 33
05 09 12 15 22 27
07 09 11 24 26 33
02 13 18 19 28 33
07 09 12 17 19 22
06 08 24 27 28 32
07 12 13 17 30 31
02 03 06 17 18 23
02 08 15 16 18 30
05 08 11 15 29 30
06 07 23 24 25 30
08 15 16 23 24 31
02 08 13 15 19 25
01 03 15 16 29 32
04 18 20 24 26 29
05 10 11 13 19 24
03 06 15 16 19 27
01 06 07 13 20 29
09 16 18 20 29 30
04 09 20 23 32 33
06 09 11 24 31 33
01 16 20 24 31 32
02 06 07 11 12 27
02 03 19 28 29 33
02 03 08 18 21 22
07 09 11 19 20 26
07 14 17 18 19 32
01 06 21 22 28 33
01 18 19 21 22 30
10 14 15 18 23 26
04 10 20 25 29 33
03 07 09 19 24 31
02 24 25 28 29 33
04 09 11 25 27 29
04 10 12 13 20 21
12 14 20 24 27 32
03 05 07 10 12 22
03 04 06 11 17 26
07 08 13 20 21 25
04 19 21 26 28 29
05 11 12 19 29 31
07 09 17 18 22 33
08 15 17 20 23 27
09 11 14 17 19 26
01 17 20 25 27 33
05 08 14 19 25 31
07 17 20 23 31 33
01 18 19 24 32 33
08 19 23 25 32 33
01 04 12 15 24 33
05 13 18 19 20 23
01 05 13 19 24 32
01 02 04 05 18 20
03 07 09 14 22 27
02 03 06 13 15 24
01 11 17 23 29 33
08 16 27 28 31 32
04 09 21 22 25 32
07 10 14 21 24 33
03 11 20 28 32 33
03 10 14 19 28 32
05 06 07 09 10 31
03 15 21 25 28 32
01 05 08 17 22 33
15 17 18 19 23 26
05 09 17 24 27 29
13 15 19 20 25 33
09 13 18 24 28 29
04 08 12 15 17 29
09 12 15 16 23 26
06 11 14 16 27 30
01 02 09 19 20 30
05 06 08 10 11 28
04 07 09 18 30 33
02 07 11 17 22 29
08 15 19 23 24 25
02 09 13 22 27 28
01 08 12 18 22 27
01 09 13 25 26 32
09 11 12 15 16 27
01 23 27 29 32 33
01 04 06 21 27 33
03 07 08 12 18 28
03 05 07 11 21 32
02 04 07 23 30 33
08 09 11 18 22 29
06 10 14 15 29 33
06 11 14 18 23 30
02 03 12 17 28 32
03 04 08 13 26 33
06 12 22 23 26 31
05 13 17 19 23 24
01 10 11 19 22 28
02 06 11 13 26 28
12 18 29 30 31 32
04 07 11 12 32 33
01 06 15 26 28 33
09 12 16 19 28 29
12 14 18 21 32 33
04 09 11 22 23 26
10 14 17 18 26 30
05 13 19 22 24 26
01 03 05 22 27 31
03 04 12 14 17 19
03 04 11 13 24 33
02 06 12 15 20 29
01 05 22 29 32 33
08 13 14 20 26 28
04 05 12 19 25 29
10 18 19 22 25 32
01 03 06 22 27 30
04 05 18 25 28 30
01 03 05 15 20 29
01 13 16 18 26 29
12 16 19 26 28 30
04 09 14 24 27 29
04 05 16 22 27 33
08 14 21 22 23 24
06 11 16 24 28 29
01 06 08 10 12 32
02 03 07 08 29 33
03 10 11 18 30 33
01 07 10 24 25 29
03 08 11 22 25 26
06 13 20 24 30 31
03 05 10 17 20 21
08 13 17 20 27 30
03 15 16 23 27 32
03 05 09 17 20 26
01 03 13 16 17 29
09 12 13 16 22 30
03 09 11 14 26 30
02 05 06 16 23 30
04 05 12 15 27 33
10 13 19 22 30 32
03 17 18 21 27 29
02 03 07 08 29 30
08 10 18 19 25 33
07 08 09 14 21 22
05 06 07 08 14 16
07 08 12 14 19 28
09 16 17 18 20 21
05 08 16 19 22 24
03 13 15 18 24 32
06 11 13 21 30 33
09 10 12 18 21 22
05 08 12 20 26 33
08 18 19 20 23 29
04 11 12 22 25 31
07 16 19 25 31 33
04 11 18 19 24 29
05 10 14 15 19 27
08 15 25 26 28 32
05 07 09 13 15 32
10 12 13 14 24 27
11 12 15 19 24 25
08 13 18 22 27 31
03 04 09 22 25 26
05 09 12 20 30 31
02 04 14 20 28 30
01 07 11 13 15 22
03 06 07 20 21 23
02 08 12 13 16 24
02 08 15 23 24 29
10 13 25 26 30 31
04 07 09 10 19 31
04 05 12 20 29 30
01 04 11 14 26 30
03 04 06 16 24 32
02 11 12 18 24 31
07 11 21 22 24 27
02 10 14 15 24 29
01 05 12 17 22 23
02 03 09 19 29 32
04 05 09 13 14 26
13 16 19 24 32 33
06 17 28 30 32 33
01 04 06 07 19 25
02 03 07 08 09 28
09 11 16 26 27 28
04 05 08 15 23 33
02 04 11 18 22 31
03 10 13 17 23 31
11 13 20 25 29 33
02 07 08 13 16 29
03 04 05 11 15 16
13 15 21 25 31 32
04 06 14 18 28 33
02 07 18 21 30 31
02 05 10 17 19 32
03 06 11 17 26 29
01 04 10 19 21 29
04 09 12 23 30 33
07 13 17 19 24 31
02 09 12 16 17 33
10 15 16 18 23 24
04 07 09 15 23 28
05 08 13 17 24 29
02 10 12 13 22 26
01 08 09 23 26 29
05 06 11 13 14 29
03 12 15 20 22 33
06 07 18 19 32 33
04 07 12 14 16 24
07 09 10 28 29 31
01 08 11 16 19 20
13 20 26 28 29 31
02 04 16 26 28 29
10 12 13 25 27 29
02 06 14 19 20 26
03 04 05 07 14 18
09 14 16 22 27 28
04 07 12 14 27 33
06 08 21 25 29 33
07 13 14 15 23 28
01 08 13 14 22 26
07 09 15 18 19 27
02 07 15 18 27 32
02 06 11 18 20 27
06 15 17 29 30 32
02 08 12 19 24 27
07 09 14 24 26 33
08 13 16 27 30 32
18 23 24 26 27 33
04 16 18 20 23 32
10 14 18 21 22 23
01 12 28 29 31 32
01 03 12 24 28 32
08 10 19 20 24 33
02 06 07 11 13 18
06 12 20 26 31 33
09 12 20 23 25 27
08 11 21 22 28 32
02 12 14 15 24 31
02 03 09 11 13 22
14 18 23 25 26 31
08 12 15 20 26 28
06 14 16 19 20 32
01 05 07 11 20 23
02 11 13 29 31 33
10 16 20 25 28 31
02 11 16 22 24 31
01 07 08 11 26 31
05 10 13 18 30 31
02 09 10 12 32 33
11 16 17 20 24 30
02 06 17 18 23 33
01 05 06 23 27 28
04 06 08 15 32 33
04 06 08 15 16 21
04 05 09 11 14 29
10 15 16 18 22 28
07 12 16 18 26 30
07 11 16 18 28 30
07 09 12 16 23 31
09 11 25 28 29 31
06 08 12 21 30 32
12 13 22 25 27 28
04 07 12 16 22 28
01 07 17 24 28 30
11 14 15 17 18 27
02 05 18 25 29 33
01 03 23 28 32 33
01 06 07 12 26 32
01 03 09 19 24 29
01 05 12 18 26 31
17 18 19 22 29 33
06 12 22 23 24 30
01 13 25 27 28 29
05 13 18 26 29 33
03 04 07 25 30 32
06 11 19 20 26 33
04 05 07 24 27 30
07 09 10 17 27 33
02 05 11 20 21 27
05 08 17 24 25 26
12 13 16 19 21 25
04 05 06 09 19 24
06 08 12 14 24 31
01 04 08 23 24 29
01 08 19 24 27 28
02 08 10 13 23 30
11 12 16 18 22 25
09 13 15 18 24 29
05 06 08 15 20 26
13 15 18 22 23 28
06 14 16 21 25 30
04 08 13 19 26 30
08 09 18 20 21 27
02 06 08 14 18 23
08 19 20 21 22 31
04 05 13 20 23 24
05 06 14 16 17 24
03 04 13 18 22 29
08 15 21 22 26 32
03 07 16 22 25 31
10 12 26 27 29 30
08 12 15 23 28 30
03 07 11 12 19 27
03 07 16 17 25 32
03 04 07 12 25 31
04 06 14 16 28 31
01 15 17 20 23 29
06 13 18 25 26 32
03 07 10 11 23 33
01 12 17 24 28 31
09 16 24 26 27 29
05 10 25 26 31 32
06 09 12 17 21 30
01 03 09 29 32 33
10 12 16 18 27 31
13 19 21 25 31 32
17 18 20 22 31 32
10 12 13 19 26 27
04 08 12 22 26 31
02 04 07 11 18 23
03 08 15 18 22 28
05 07 10 13 15 20
02 16 17 18 26 27
09 15 23 25 31 32
03 04 14 15 24 33
09 17 19 22 26 32
11 14 15 18 27 33
07 08 14 19 23 28
06 10 13 19 22 30
04 05 07 08 09 30
01 17 18 23 28 30
03 05 19 22 24 26
16 23 25 27 31 32
05 09 12 13 18 29
02 05 17 18 22 25
07 15 21 24 25 31
02 05 16 22 26 31
03 10 17 22 25 32
05 07 11 14 15 20
03 11 18 21 26 27
05 06 09 10 16 31
03 10 13 18 20 24
01 02 10 22 28 29
03 07 09 17 19 28
04 05 17 22 30 33
01 05 08 20 22 23
10 15 21 23 24 32
04 09 11 27 30 33
01 06 15 19 21 30
01 13 17 25 30 32
08 09 11 18 27 30
01 17 19 20 27 28
01 10 15 16 17 23
03 12 13 20 31 32
01 11 15 20 23 33
02 07 08 19 21 28
02 09 15 18 21 30
08 09 11 15 16 21
08 10 18 20 24 26
08 22 23 27 28 32
02 08 12 18 24 32
16 25 27 28 32 33
06 11 22 23 25 31
01 15 17 21 31 32
23 24 25 26 28 31
02 09 14 17 29 30
02 11 14 25 26 30
03 06 17 19 23 31
09 13 19 23 25 32
06 08 13 19 23 28
10 14 17 18 30 33
06 11 14 18 27 31
09 12 13 24 25 31
05 08 19 26 29 30
05 10 13 23 25 28
04 11 12 16 28 29
06 11 16 21 25 28
04 08 10 11 19 30
05 06 11 15 20 26
01 08 14 20 23 27
02 16 18 21 25 28
04 09 13 14 25 28
14 23 24 25 27 31
01 06 11 12 17 25
09 11 18 20 26 31
05 06 16 17 24 31
06 08 11 17 19 33
08 20 23 25 27 33
04 08 21 23 24 28
03 04 15 19 30 31
03 16 17 23 30 33
05 11 14 21 24 33
03 09 10 13 14 26
07 08 17 21 22 25
05 07 14 23 29 32
02 15 21 22 29 33
10 13 18 19 28 32
09 19 24 25 27 32
03 08 10 14 23 30
05 07 11 13 17 33
04 06 08 10 13 15
07 08 09 13 16 28
01 07 09 11 15 18
07 08 10 12 30 31
06 08 17 21 26 30
01 02 06 10 19 33
03 06 09 22 26 30
02 11 12 13 22 30
03 09 17 18 20 23
01 03 21 25 27 31
04 09 12 16 30 31
08 18 21 23 28 30
05 08 15 18 24 30
05 13 23 27 28 33
05 10 11 20 29 30
05 09 20 22 31 32
09 10 16 17 27 31
05 12 14 22 28 32
04 06 09 14 27 31
02 03 12 15 19 25
06 14 19 20 27 29
05 09 10 21 23 33
02 20 21 22 28 33
04 12 18 19 25 27
03 05 08 15 24 29
04 06 10 14 24 28
01 04 11 18 20 32
03 09 11 19 31 32
01 08 19 20 23 25
02 13 18 26 28 29
01 05 15 20 23 33
02 03 09 20 24 30
05 16 17 20 27 29
03 06 20 21 25 29
11 12 14 19 21 23
02 06 08 16 24 25
02 15 20 21 26 28
02 07 09 14 20 24
07 10 20 21 29 31
01 02 08 23 26 29
01 03 04 12 27 29
03 14 22 26 28 32
03 11 12 20 23 30
10 16 17 21 23 31
06 08 09 17 24 26
03 04 17 23 28 33
05 10 11 14 19 29
08 14 25 26 29 32
15 16 22 23 29 31
02 13 16 25 28 29
02 03 11 17 23 27
12 13 14 19 21 31
05 10 14 27 31 32
01 02 04 19 22 26
02 13 14 21 22 28
03 10 19 22 24 32
07 11 13 19 32 33
05 06 21 23 32 33
04 09 13 16 18 33
06 11 13 14 23 26
06 09 25 30 31 33
04 20 23 28 29 33
05 09 14 20 25 30
01 03 07 15 30 31
03 18 20 22 23 33
04 08 09 15 17 19
05 09 11 22 24 28
03 08 16 18 26 32
02 11 13 19 20 31
01 05 11 18 19 20
04 07 11 16 23 30
06 13 14 15 18 24
01 03 06 13 17 28
01 07 15 18 22 33
03 06 10 21 24 30
01 10 22 28 30 31
04 07 11 14 28 33
04 12 19 24 26 30
07 09 16 21 22 33
01 07 14 16 21 22
06 10 11 23 32 33
02 09 15 24 31 33
08 09 16 23 31 32
03 19 25 27 29 32
04 05 19 29 30 31
01 04 05 09 14 28
06 07 14 16 29 32
04 07 09 11 24 28
07 08 10 21 23 27
11 12 24 27 28 32
01 02 04 14 25 31
04 06 11 17 18 22
01 06 08 18 23 30
02 07 13 14 19 33
04 09 22 30 32 33
01 02 07 14 24 27
11 18 19 26 28 33
06 09 14 26 32 33
01 05 07 09 27 30
02 10 20 23 30 33
06 14 18 20 26 28
04 05 07 18 19 27
06 09 13 14 25 27
02 08 11 14 16 29
02 11 15 17 28 29
10 20 21 22 25 30
03 08 12 14 16 22
07 09 12 17 20 30
15 20 22 27 28 31
12 19 25 27 28 30
09 18 21 28 29 33
06 13 16 21 27 32
01 02 10 21 23 32
01 06 15 17 30 33
02 03 08 09 19 29
02 03 19 21 22 27
02 06 07 09 25 26
03 04 10 24 31 32
05 06 20 21 22 31
01 03 19 23 26 30
16 17 25 26 28 32
05 08 12 22 30 33
02 09 21 24 27 33
05 06 14 17 26 30
04 09 20 22 28 30
08 10 12 15 18 26
05 07 11 16 21 32
07 09 19 20 31 33
03 04 07 14 21 26
09 12 15 18 26 27
09 10 16 25 29 32
01 03 18 23 26 28
04 05 08 16 18 21
01 05 08 15 29 32
02 06 11 13 27 30
04 07 10 11 14 17
11 12 16 24 30 32
01 02 04 09 15 19
02 10 11 17 23 31
04 06 23 30 31 33
04 05 12 13 15 18
13 16 18 19 24 27
06 08 12 17 22 29
04 08 23 29 30 33
01 05 12 19 24 28
03 11 22 23 28 30
01 03 06 08 17 20
15 26 27 28 29 30
06 08 12 18 28 30
02 03 05 13 23 31
01 12 21 24 29 30
01 03 09 18 24 29
04 06 08 13 15 23
02 08 10 12 28 30
01 02 04 11 19 25
11 17 26 27 30 33
03 06 13 19 25 33
02 04 16 17 20 28
07 09 11 15 32 33
07 14 21 24 26 27
02 08 10 21 26 27
03 08 10 19 24 32
06 11 14 16 23 27
03 09 17 19 25 31
02 06 20 22 23 26
02 03 04 09 13 17
05 18 27 29 31 32
03 10 15 19 21 32
07 14 16 19 28 29
13 17 23 25 29 33
07 09 11 14 28 32
05 07 10 11 14 20
06 11 19 22 25 26
01 05 09 24 26 32
10 15 18 21 25 30
01 06 11 26 27 28
01 03 11 13 17 22
01 02 10 18 19 25
08 11 18 22 30 33
09 12 13 20 32 33
10 21 23 24 25 33
08 10 15 26 32 33
02 03 06 14 22 25
11 15 18 19 21 22
07 08 25 26 28 29
02 05 11 20 24 28
08 11 17 20 23 28
04 05 10 13 19 24
06 07 14 18 19 26
03 09 10 21 31 33
15 25 26 27 32 33
04 18 20 22 29 30
02 11 14 18 21 32
03 05 06 14 19 22
11 20 21 24 26 30
03 05 22 23 25 32
08 10 13 14 24 26
09 17 25 27 29 33
08 21 23 27 30 32
03 07 22 23 26 28
01 07 20 24 28 30
09 14 15 19 29 31
07 09 10 18 25 33
01 08 09 13 25 30
08 11 13 16 26 30
05 06 10 20 25 32
09 17 18 22 23 27
11 14 23 26 29 30
09 13 14 18 19 20
14 15 19 20 24 32
08 14 16 18 19 21
09 12 18 19 22 25
01 14 17 23 24 30
07 10 14 20 29 32
01 16 21 25 28 29
05 08 18 20 22 25
02 05 08 10 22 24
01 04 09 16 25 33
03 04 14 15 25 33
01 15 19 21 24 32
13 15 20 26 27 33
10 16 18 25 32 33
04 06 10 13 15 26
05 11 14 15 24 27
07 12 14 15 22 25
09 15 17 19 25 27
08 13 19 29 31 32
10 13 15 25 29 30
11 12 18 21 25 32
10 11 18 20 24 29
02 06 08 15 28 30
13 16 22 24 29 32
02 11 14 22 23 31
03 18 24 30 31 33
04 06 13 17 19 28
06 10 13 24 29 31
02 06 08 11 14 27
04 06 11 18 21 26
04 06 08 12 21 30
03 09 17 23 28 32
02 04 07 23 28 32
10 17 24 28 32 33
04 08 16 20 24 26
01 06 09 14 23 29
13 18 21 23 24 25
03 08 22 23 27 32
03 17 20 25 28 30
01 09 15 20 29 33
01 12 14 17 24 32
02 11 12 20 24 28
03 14 17 22 25 26
08 12 13 16 18 24
05 10 13 19 23 28
01 04 15 17 20 26
01 13 14 16 21 26
03 08 09 10 17 26
02 03 04 12 14 15
10 11 13 22 29 30
01 02 03 12 22 27
03 09 10 11 21 22
07 14 16 21 30 33
01 10 19 20 29 30
03 04 12 14 16 27
13 18 20 23 25 26
08 15 18 25 26 28
07 18 22 25 27 33
07 10 12 22 27 31
03 06 14 20 24 29
07 10 17 19 28 30
04 19 21 22 24 28
16 19 22 26 30 31
06 10 17 20 21 25
04 09 10 12 23 30
12 13 21 28 29 33
06 10 11 17 29 30
03 04 14 19 24 32
02 07 09 17 20 27
11 14 27 28 30 31
01 06 14 17 24 25
11 14 21 25 26 27
13 16 20 24 28 29
06 08 15 16 27 32
05 06 07 09 15 32
20 25 26 31 32 33
09 10 23 24 31 32
02 08 12 16 20 23
06 12 13 20 23 33
03 06 07 11 26 30
02 05 06 12 15 30
02 11 12 17 18 33
02 07 20 21 24 33
08 10 11 13 15 33
03 07 22 23 31 33
07 09 16 22 23 29
10 11 19 25 26 28
06 10 12 15 24 25
02 03 04 09 22 23